10.12
8.5
7.1
3.5
3.6
6.60
5.63
3.88
4.30
4.14
3.13
10
3.72
3.81
1.240
2.96
9.92
3.070
4.81
4.25
7.0
10.8
2.860
5.1
4.240
3.21
2.47
2.41
10.5
4.2
3.20
8.85
3.36
4.2
4.8
4.4
3.48
3.66
1.9
3.68
1.81
4.18
4.450
4.46
2.82
5.23
3.53
3.31
4.20
7.5
6.02
4.84
4.69
2.85
4.15
9.48
5.41
4.484
6.46
3.52
9.77
3.73
4.91
4.5
3.53
4.19
2.90
2.93
8.822
3.5
5.44
3.23
4.9
3.42
2.76
6.48
3.42
3.5
6.9
8.51
7.2
3.64
3.55
2.66
4.4
3.07
4.3
3.15
5.03
0.7
3.60
3.7
4.69
3.85
3.63
5.360
10-11
7.04
3.25
3.2
4.34
4.39
4.46
3.74
3.13
7.7
3.34
3.23
3.45
4.350
3.57
3.55
3.63
2.6
3.15
1.26
2.88
4.91
8.98
2.56
3.18
2.92
7.00
1.963
5.50
4.65
2.45
10.28
13.82
2.17
7.82
2.2
8.38
3.24
6.89
6.8
4.1
3.51
7.3
3.870
4.5
10.0
3.97
8.18
6.4
4.44
6.9
3.14
5.49
8.23
4.25
2.9
2.86
10.7
2.57
4.8
4.18
4.70
8.3
11.71
2.3
7.9
3.81
6.72
8.14
2.39
6.02
4.42
10.19
4.04
8.5
1.34
13.8
4.25
2.89
8.74
2.9
5.86
3.60
2.37
3.42
6.22
4.41
10.71
4.65
1.98
4.85
3.16
2.68
1.74
8.2
2.00
1.42
4.55
3.317
2.55
4.170
3.45
4.39
4.41
8.97
2.81
3.55
7.9
4.4
7.20
4.7
3.55
3.80
5.42
4.72
4.37
4-5
2.64
3.84
1.99
3.13
2.95
7.05
7.4
1.46
3.46
6.76
1.68
4.70
3.00
10.06
5.04
2.53
7.00
11.2
3.07
7.19
8.0
3.65
3.89
4.28
2.79
2.03
3.17
3.43
4.63
>9.1
3.65
4.35
2.97
2.800
2.89
2.99
5.33
5.78
2.56
3.60
4.34
2.57
7.13
4.05
4.71
2.76
6.58
3.4
8.38
8.0
9.9
3.78
3.82
3.08
2.93
5.20
2.6
4.75
4.05
<0.66
9.73
5.44
3.09
5.65
6.07
4.08
2
10.5
4.41
2.9
3.7
3.74
3.26
2.9
4.09
3.36
2.03
3.13
4.19
3.17
3.5
3.1
4.7
4.520
3.60
7.99
3.89
7.14
3.49
10.2
2.84
6.13
2.73
3.66
4.35
8.60
8.207
8.33
3.89
4.15
3.03
4.29
2.04
4.100
6.51
7.26
0.9
1.50
3.40
3.3
5.97
4.29
3.8
4.9
3.59
2.34
3.5
8.20
5.9
1.32
4.8
2.11
1.99
2.10
7.68
4.49
16.1
2.94
2.9
4.7
7.29
3.66
3.84
4.169
4
2.06
9.41
3.0
10.35
9.1
3.11
4.00
3.23
2.72
2.933
4.0
4.44
7.94
8.95
4.00
3.5
8.20
3.12
8.35
7.8
3.0
2.83
9.86
5.62
8.38
3.27
5.0
2.64
5.65
4.66
3.9
3.98
3.50
16.5
2.89
4.2
9.3-9.8
7.1
4.31
2.8
3.9
1.48
6.3
3.94
1.79
3.21
3.97
3.265
4.6
2.2
5.06
7.84
8.02
6.2
3.55
2.88
2.37
8.30
2.4
4.00
3.00
10.0
4.64
2.90
4.21
2.19
5.08
-6.18
5.80
11.0
2.83
5.00
3.10
4.9
3.02
3.0
-0.02
4.95
8.6
4.17
2.99
~7
0.66
5.00
10.04
3.266
4.1
3.3
7.08
6.69
3.51
3.68
9.64
4.31
5.00
2.50
3.2
7.16
9.4
3.76
4.5
6.3
3.19
2.6
2.88
3.15
7.21
4.10
9.8
4.01
1.09
6.32
9.1
4.13
3.5
3.64
9.58
7.12
4.05
2.37
4.4
5.80
7.36
10.65
3.60
~3.3
3.3
4.8
3.07
7.56
6.93
9.98
2.78
4.30
9.12
3.0
2.040
6.3
9.01
7.23
9.4
3.7
7.15
1.2
7.52
7.25
10.09
3.22
5.66
4.29
-0.45
3.29
