4.8
0.23
9.6
8.87
11.0
4.4
9.31
9.41
4.20
8.75
9.6
4.25
1.25
9.7
9.85
5.61
0.650
2.26
2.26
5.89
10.76
4.76
4.95
2.92
2.07
10.002
9.3
12.48
2.08
8.7
3
8.86
9.24
9.0
4.20
1.78
4.76
2.79
8.29
4.91
5.1
6.0
4.5
3.40
4.2
10.15
9.62
2.12
3.87
2.68
10.80
3.84
5.0
1.84
4.58
4.79
3.84
4.45
2.6
9.4
2.23
4.43
3.63
8.15
4.2
8.42
5.10
3.41
4.86
8.28
5.3
4.89
4.5
3.52
8.71
4.53
3.01
4.06
6.13
3.61
10.2
3.20
3.6
4.50
13.57
2.47
2.950
4.49
6.83
5.5
2.44
4.78
4.45
4.8
6.2
9.30
3.79
10.16
4.89
4.5
4.76
5.1
13.31
9.33
3.70
4.5
4.63
2.21
4.33
4.51
8.4
8.96
8.05
10.53
4.15
5.8
3.41
9.8
3.90
4.470
3.96
2.96
4.76
3.92
4.4
4.60
4.00
2.28
5.18
4.00
4.16
4.9
7.28
4.0
3.93
3.11
4.23
8.60
7.8
8.15
8.19
4.20
4.090
1.21
3.77
1.01
10.30
0.08-0.7
4.05
4.36
4.920
3.24
4.16
4.79
4.77
4.340
0.18
8.35
3.96
4.54
2.02
8.3
6.2
5.8
4.36
2.76
12.01
4.23
3.91
3.86
4.71
2
3.258
4.19
4.40
2.41
3.91
4.7
4.78
5.78
4.96
11.3
5.55
2.92
4.8
3.74
11.55
11.9
4.8
4.53
6.09
4.35
2.6
3.92
7.23
3.32
4.02
5.4
3.45
3.66
2.17
3.29
4.87
3.95
3.64
2.04
3.70
6.22
7.93
4.9
4.52
6.7
2.99
9.240
4.900
3.16
5.11
9.95
2.16
2.72
4.190
3.050
2.170
4.8
3.90
11.13
10.1
4.82
4.140
2.34
3.96
3.18
4.17
4.3
4.96
9.29
2.39
4.79
4.9
-0.02
4.69
3.95
6.50
2.725
4.0
2.36
8.14
10.02
3.9
4.34
3.4
4.080
5.13
1.8
3.85
9.99
3.02
3.8
3.65
8.7
4.80
4.13
4.44
5.45
4.10
3.51
0.27
4.350
2.95
3.44
4.56
4.19
2.78
2.6
3.49
2.12
9.39
3.89
3.38
5.59
3.49
1.82
3.270
2.9
5.02
4.29
4.8
4.44
5.55
4.40
3.40
3.1
8.531
1.85
4.86
3.65
-0.16
2.07
3.12
9.01
3.8
3.72
4.6
3.80
4.62
4.8
2.70
10.03
4.07
3.96
3.10
3.22
4.33
2.65
2.85
2.79
5.10
4.21
-0.6
15.8
2.29
13.2
6.95
4.11
4.37
5.69
3.42
3.46
2.33
3.98
4.52
3.450
4.2
3.88
2.2
2.38
3.42
6.4
2.5
9.22
3.03
4.52
4.27
6.1
3.38
4.34
3.80
5.78
2.06
11.75
3.4
4.5
1.14
10.12
3.8
0.6
4.9
4.98
3.12
4.48
3.63
4.40
4.80
0.8
4.57
10.1
4.69
3.870
9.13
4.215
8.69
3.292
2.4
3.97
-6.3
4.65
1.88
2.62
4.71
3.910
3.14
4.68
4.37
4.26
4.090
2.44
3.01
4.59
2.44
2.2
3.46
1.30
5.1
4.65
4.49
3.10
4.0
3.1
3.540
8.87
4.46
4.24
4.86
4.8
4.53
3.46
3.6
9.85
3.83
1.17
6.5
3.72
4.89
3.85
4.2
4.98
4.95
1.5
3.23
3.66
3.11
3.53
3.84
3.99
3.01
1.79
5.75
3.77
3.13
10.83
4.85
4.84
3.75
4.350
1.90
2.88
4.39
3.72
4.13
4.33
3.05
<2
4.6
5
5.0
3.53
5
4.83
3.86
5.2
4.34
2.82
3.25
2.75
4.210
5.10
2.87
3.72
3.51
4.83
4.1
3.5
3.9
4.3
10.54
6.6
13.8
3.22
4.8
5.90
3.23
2.31
3.59
4.28
4.15
2.15
3.48
4.71
2.18
3.221
3.90
4.21
4.83
3.03
2.03
~10
4.36
3.20
2.30
3.46
1.96
3.226
3.50
10.8
4.7
2.860
3.70
2.83
6.75
3.00
