3.80
4.60
2.93
4.10
2.89
9.85
7.2
3.60
2.65
2.49
3.89
2.32
2.98
10.5
9.23
3.63
4.714
6.29
7
3.24
9.45
3.80
8.12
4.52
6.08
3.05
3.90
6
4.6
3.90
9.3
8.55
8.18
2.33
2.96
5.46
4.8
2.69
3.50
4.310
9.82
10.13
4.7
7.45
8.47
4.77
11.46
5-6
3.59
8.66
10.52
3.290
6.5
2.85
8.48
6.53
3.6
7.60
1.7
2.18
3.05
4.5
5.1
2.98
3.41
4.69
4.91
6.65
7.49
3.17
7.35
2.7
3.67
4.310
2.17
3.20
3.52
3.19
16.5
9.48
9.98
3.04
3.15
7.5
4.55
~0.12-3.67
3.14
10.92
8.03
7.7
8.34
2.06
3.24
4.39
2.64
4.29
4.32
4.13
8.13
5.02
3.36
2.50
3.13
3.25
8.220
3.23
2.96
3.57
1-2
7.4
4.35
3.9
3.65
1.0
8.74
4.61
12.40
3.0
4.9
8.13
2.79
2.44
8.39
3.72
3.60
1.15
8.15
4.4
4.1
2.42
1.29
6.11
3.2
6.62
2.1
1.68
11.0
10.83
6.5
2.92
3.20
4.22
~0.77
3.44
8.55
2.660
3.63
10.4
5.3
3.75
2.09
8.13
8.40
12.6
7.90
8.10
2.9
10.10
3.50
10.50
4.26
2.7
8.95
3.40
4.8
4.2
3.2
9.89
3.64
4.20
9.11
7.8
4.310
3.95
2.97
3.40
8.46
2.29
5.09
8.83
4.74
6.61
8.93
4.25
2.87
1.25
4.27
5.10
3.98
5.91
9.06
4.5
4.67
7.82
4.7
1.43
9.89
10.85
4.72
3.2
2.27
8.9
7.7
7.50
1.21
4.40
4.14
7.32
3.08
5.01
5.10
4.0
5.2
2.5
8.47
3.8
8.3
6.07
6.68
6.7
5.3
3.65
4.0
3.98
3.5
4.27
10.70
1.97
6.3
13.44
2
8.6
9.62
10.16
3.65
9.66
3.19
8.55
0.23
5.08
3.5
3.5
3.75
3.5
0.65
7.25
10.14
5.32
8.99
4.204
4.6
6.7
6.6
<10.4
9.85
10.49
2.5
2.93
2.22
3.30
9.28
15.49
6.53
3.76
2.99
2.60
3.32
4.75
4
1.34
3.20
4.88
5.17
6-7
3.30
8.3
3.58
5.19
2.5
3.67
1.0
1.82
7.53
2.32
2.19
3.63
6.4
2.8
3.32
<2.00
1.5
2.47
1.90
2.84
3.66
5.5
2.615
2.6
5.14
2.55
2.73
4.76
4.07
3.26
3.17
7.3
4.20
3.49
10.5
>14
2.99
3.34
6.06
8.89
8.7
3.70
4.5
2.28
4.77
7.98
10.53
2.8
4-5
5.6
4.72
4.83
8.36
7.97
4.81
9.78
8.99
2.74
2.57
2.31
2.28
3.60
5.9
4.58
3.6
5.887
2.20
21.2
7.93
3.54
2.34
3.73
3.90
8.94
2.84
1.60
7.4
1.80
10.30
8.90
6.5
2.80
7.7
3.85
2.79
9.14
3.4
2.72
4.85
6.99
18.96
6.6
7.72
4.08
3.08
2.18
10.98
1.95
9.06
2.21
4.5
11.9
10.4
1.91
3.79
9.9
8.59
10.16
8.46
10.6
3.32
2.28
3.69
7.20
>14
3.13
2.96
2.95
3.3
4.90
3.02
4.86
13
3.21
2.8
3.70
3.86
1.82
2.33
3.74
3.37
2.46
2.29
6.9
6.7
8.99
3.98
4.11
3.46
6.8
7.61
3.5500
5.5
13.25
2.91
9.25
10.62
2.19
13.51
3.70
3.74
3.71
6.44
4.17
6.4
4.5
1.38
6.14
3.0
3.14
1.2
3.2
0.28
5.8
4.09
4.5
2.09
3
3.48
7.97
2.36
9.24
10.63
2.43
3.78
3.92
3.40
8.81
6.29
8.18
<1
9.1
7.70
1.87
2.10
3.12
5.37
2.12
5.32
6.95
4
2.48
3.72
3.2-3.4
13.20
9.12
2.86
2.17
2.44
2.91
7.61
10.98
2.5
3.01
3.81
6.9
3.89
6.00
3.09
3.01
4.4
5.4
5.8
2.95
2.88
2.94
9.6
4.50
4.10
~7.3
~7.1
3.5
16.92
6.63
3.61
4.9
